Score(precision=0.4575159510667224, recall=0.312692558195214, fmeasure=0.3550224307754374)
Score(precision=0.15478608124610715, recall=0.11017592811499938, fmeasure=0.12293507644745821)
Score(precision=0.32324570978551015, recall=0.22032864569489297, fmeasure=0.2498320168226627)
