Score(precision=0.35108642853840666, recall=0.17004505549530066, fmeasure=0.21054047104227358)
Score(precision=0.09436836440442375, recall=0.05094477871209187, fmeasure=0.06097427487135708)
Score(precision=0.2713944579911955, recall=0.12725145699059842, fmeasure=0.15837439886117338)
