Score(precision=0.20600637444371867, recall=0.08903224521514286, fmeasure=0.11339606521425787)
Score(precision=0.05206580956160664, recall=0.023816635965975032, fmeasure=0.03012052607009258)
Score(precision=0.17033317335551276, recall=0.07095527610351005, fmeasure=0.09099124449849466)
